0 -121.904167 41.974556
1 -121.902153 41.974766
2 -121.896790 41.988075
3 -121.889603 41.998032
4 -121.886681 42.008739
5 -121.915062 41.970314
6 -121.910088 41.973942
7 -121.916199 41.969482
8 -121.903198 41.968456
9 -122.553284 41.895241
10 -122.542992 41.903084
11 -122.546921 41.915726
12 -122.520287 41.907001
13 -122.503967 41.906689
14 -122.472076 41.911068
15 -122.463829 41.914925
16 -122.454803 41.923870
17 -122.440536 41.946377
18 -122.440498 41.956013
19 -122.444801 41.969555
20 -122.442436 41.977470
21 -122.433220 41.984360
22 -122.424660 41.985020
23 -122.412811 41.983322
24 -122.402168 41.988213
25 -122.390503 41.988567
26 -122.384010 41.991646
27 -122.376556 41.984219
28 -122.372299 41.984661
29 -122.352539 42.001240
30 -122.345123 42.010807
31 -122.340134 42.017231
32 -122.604172 42.012905
33 -122.606087 42.009228
34 -122.595833 41.973843
35 -122.592934 41.963806
36 -122.560463 41.912502
37 -122.552147 41.892521
38 -122.554909 41.879074
39 -122.568123 41.852474
40 -121.170708 42.001575
